Comparing Examp_2014 versus Examp_2015 from example_IS_clone.txt
Selecting top  20 clones from each.
#Clones from Examp_2014 is   34
#Clones from Examp_2015 is   21
There are   43 clones overall

Weight	Intercept	Slope	RMSE	AAE	RELE
0.0	   7.53573	   0.62321	  13.19484	  10.21807	   7.58495
0.5	   5.91228	   0.80213	  12.35240	  10.12994	   7.51807
1.0	   5.32490	   0.93349	  12.08572	  10.27925	   7.74126
1.5	   5.98152	   1.02084	  12.28876	  10.60952	   8.38884
2.0	   8.10952	   1.06672	  13.02894	  11.13272	   9.79372

pseudo3LRT	Examp_2014	Examp_2015	CALC2(0.0)	CALC2(0.5)	CALC2(1.0)	CALC2(1.5)	CALC2(2.0)
Clone_00006	  53.75	  28.59	  41.03	  49.03	  55.50	  60.85	  65.45
Clone_00009	  53.75	  33.35	  41.03	  49.03	  55.50	  60.85	  65.45
Clone_00003	  50.39	  47.65	  38.94	  46.33	  52.36	  57.42	  61.86
Clone_00001	  47.03	  96.48	  36.85	  43.64	  49.23	  53.99	  58.28
Clone_00004	  36.95	  53.60	  30.57	  35.55	  39.82	  43.70	  47.53
Clone_00013	  36.95	  11.91	  30.57	  35.55	  39.82	  43.70	  47.53
Clone_00002	  26.88	  57.17	  24.28	  27.47	  30.41	  33.42	  36.78
Clone_00026	  26.88	   5.96	  24.28	  27.47	  30.41	  33.42	  36.78
Clone_00014	  23.52	  21.44	  22.19	  24.77	  27.28	  29.99	  33.19
Clone_00019	  23.52	  11.91	  22.19	  24.77	  27.28	  29.99	  33.19
Clone_00045	  23.52	   1.19	  22.19	  24.77	  27.28	  29.99	  33.19
Clone_00010	  20.16	  29.78	  20.10	  22.08	  24.14	  26.56	  29.61
Clone_00017	  20.16	  15.48	  20.10	  22.08	  24.14	  26.56	  29.61
Clone_00020	  20.16	  13.10	  20.10	  22.08	  24.14	  26.56	  29.61
Clone_00022	  20.16	  11.91	  20.10	  22.08	  24.14	  26.56	  29.61
Clone_00040	  20.16	   8.34	  20.10	  22.08	  24.14	  26.56	  29.61
Clone_00046	  20.16	   7.15	  20.10	  22.08	  24.14	  26.56	  29.61
Clone_00050	  20.16	   5.96	  20.10	  22.08	  24.14	  26.56	  29.61
Clone_00063	  20.16	   1.19	  20.10	  22.08	  24.14	  26.56	  29.61
Clone_00008	  16.80	  40.50	  18.00	  19.39	  21.00	  23.13	  26.03
Clone_00011	  16.80	  17.87	  18.00	  19.39	  21.00	  23.13	  26.03
Clone_00012	  16.80	  16.68	  18.00	  19.39	  21.00	  23.13	  26.03
Clone_00015	  16.80	  14.29	  18.00	  19.39	  21.00	  23.13	  26.03
Clone_00021	  16.80	  20.25	  18.00	  19.39	  21.00	  23.13	  26.03
Clone_00023	  16.80	  26.20	  18.00	  19.39	  21.00	  23.13	  26.03
Clone_00025	  16.80	   5.96	  18.00	  19.39	  21.00	  23.13	  26.03
Clone_00029	  16.80	  15.48	  18.00	  19.39	  21.00	  23.13	  26.03
Clone_00030	  16.80	  14.29	  18.00	  19.39	  21.00	  23.13	  26.03
Clone_00033	  16.80	   8.34	  18.00	  19.39	  21.00	  23.13	  26.03
Clone_00041	  16.80	   9.53	  18.00	  19.39	  21.00	  23.13	  26.03
Clone_00042	  16.80	   8.34	  18.00	  19.39	  21.00	  23.13	  26.03
Clone_00043	  16.80	   7.15	  18.00	  19.39	  21.00	  23.13	  26.03
Clone_00057	  16.80	   5.96	  18.00	  19.39	  21.00	  23.13	  26.03
Clone_00089	  16.80	   0.00	  18.00	  19.39	  21.00	  23.13	  26.03
Clone_00016	  13.44	  25.01	  15.91	  16.69	  17.87	  19.70	  22.44
Clone_00024	   3.36	  23.82	   9.63	   8.61	   8.46	   9.41	  11.69
Clone_00032	   6.72	  23.82	  11.72	  11.30	  11.60	  12.84	  15.28
Clone_00027	   0.00	  21.44	   7.54	   5.91	   5.32	   5.98	   8.11
Clone_00035	   6.72	  19.06	  11.72	  11.30	  11.60	  12.84	  15.28
Clone_00071	   0.00	  19.06	   7.54	   5.91	   5.32	   5.98	   8.11
Clone_00095	   3.36	  19.06	   9.63	   8.61	   8.46	   9.41	  11.69
Clone_00018	   6.72	  17.87	  11.72	  11.30	  11.60	  12.84	  15.28
Clone_00031	   3.36	  17.87	   9.63	   8.61	   8.46	   9.41	  11.69


pseudo3LRT	Examp_2014	Examp_2015
Clone_00006	60872528	21811196
Clone_00009	60872528	25446396
Clone_00003	57067996	36351996
Clone_00001	53263464	73612792
Clone_00004	41849864	40895996
Clone_00013	41849864	 9087999
Clone_00002	30436264	43622396
Clone_00026	30436264	 4543999
Clone_00014	26631732	16358398
Clone_00019	26631732	 9087999
Clone_00045	26631732	  908800
Clone_00010	22827198	22719996
Clone_00017	22827198	11814399
Clone_00020	22827198	 9996799
Clone_00022	22827198	 9087999
Clone_00040	22827198	 6361599
Clone_00046	22827198	 5452799
Clone_00050	22827198	 4543999
Clone_00063	22827198	  908800
Clone_00008	19022664	30899196
Clone_00011	19022664	13631998
Clone_00012	19022664	12723198
Clone_00015	19022664	10905599
Clone_00021	19022664	15449598
Clone_00023	19022664	19993598
Clone_00025	19022664	 4543999
Clone_00029	19022664	11814399
Clone_00030	19022664	10905599
Clone_00033	19022664	 6361599
Clone_00041	19022664	 7270399
Clone_00042	19022664	 6361599
Clone_00043	19022664	 5452799
Clone_00057	19022664	 4543999
Clone_00089	19022664	       0
Clone_00016	15218132	19084798
Clone_00024	 3804533	18175998
Clone_00032	 7609066	18175998
Clone_00027	       0	16358398
Clone_00035	 7609066	14540798
Clone_00071	       0	14540798
Clone_00095	 3804533	14540798
Clone_00018	 7609066	13631998
Clone_00031	 3804533	13631998
